2.100000000000000140e-13 1.123076923076923084e+00 2.544871794871794713e-10 4.102564102564102422e-01
3.199999999999999996e-13 1.756410256410256610e+00 3.435897435897435486e-10 2.128205128205128138e-01
2.700000000000000107e-13 1.658974358974359076e+00 2.544871794871794713e-10 2.410256410256410298e-01
3.400000000000000154e-13 1.610256410256410309e+00 3.257692307692307538e-10 2.410256410256410298e-01
4.000000000000000121e-13 1.853846153846153921e+00 5.217948717948718064e-10 1.846153846153846256e-01
2.700000000000000107e-13 8.307692307692307043e-01 6.287179487179486784e-10 4.948717948717947790e-01
2.700000000000000107e-13 1.074358974358974317e+00 4.148717948717948310e-10 4.102564102564102422e-01
1.500000000000000172e-13 1.974358974358974561e-01 6.821794871794871144e-10 8.615384615384614753e-01
3.400000000000000154e-13 1.269230769230769384e+00 3.614102564102563950e-10 3.256410256410255943e-01
2.999999999999999839e-13 8.307692307692307043e-01 6.108974358974359354e-10 4.948717948717947790e-01
