2.999999999999999839e-13 1.123076923076923084e+00 4.326923076923076775e-10 3.820512820512820262e-01
3.699999999999999885e-13 1.366666666666666696e+00 6.643589743589743713e-10 2.974358974358973784e-01
2.700000000000000107e-13 9.769230769230768940e-01 5.574358974358973960e-10 4.384615384615384581e-01
3.300000000000000075e-13 9.282051282051282382e-01 4.861538461538461135e-10 4.384615384615384581e-01
3.400000000000000154e-13 1.269230769230769384e+00 4.861538461538461135e-10 3.256410256410255943e-01
8.999999999999999516e-14 3.923076923076923572e-01 1.832051282051282147e-10 8.051282051282050434e-01
2.800000000000000186e-13 1.025641025641025772e+00 4.326923076923076775e-10 4.102564102564102422e-01
2.900000000000000265e-13 1.512820512820512997e+00 2.723076923076922661e-10 2.692307692307692180e-01
1.700000000000000077e-13 5.871794871794872028e-01 2.366666666666666766e-10 6.358974358974358587e-01
3.699999999999999885e-13 1.269230769230769384e+00 4.505128205128205240e-10 3.256410256410255943e-01
3.799999999999999964e-13 1.902564102564102688e+00 5.930769230769230889e-10 1.846153846153846256e-01
3.600000000000000311e-13 1.610256410256410309e+00 6.465384615384615249e-10 2.410256410256410298e-01
2.499999999999999950e-13 1.610256410256410309e+00 1.832051282051282147e-10 2.692307692307692180e-01
3.600000000000000311e-13 1.902564102564102688e+00 5.574358974358973960e-10 1.846153846153846256e-01
3.699999999999999885e-13 1.902564102564102688e+00 5.039743589743589600e-10 1.846153846153846256e-01
2.900000000000000265e-13 1.074358974358974317e+00 3.614102564102563950e-10 3.538461538461538103e-01
3.199999999999999996e-13 1.756410256410256610e+00 3.614102564102563950e-10 2.128205128205128138e-01
2.800000000000000186e-13 1.317948717948718151e+00 4.326923076923076775e-10 3.256410256410255943e-01
2.499999999999999950e-13 8.307692307692307043e-01 3.614102564102563950e-10 4.948717948717947790e-01
3.500000000000000233e-13 1.366666666666666696e+00 6.643589743589743713e-10 2.974358974358973784e-01
3.300000000000000075e-13 1.610256410256410309e+00 4.148717948717948310e-10 2.410256410256410298e-01
2.600000000000000028e-13 1.123076923076923084e+00 4.148717948717948310e-10 3.820512820512820262e-01
1.199999999999999935e-13 5.384615384615384359e-01 1.832051282051282147e-10 6.923076923076921796e-01
2.000000000000000061e-13 8.794871794871794712e-01 2.188461538461538560e-10 4.948717948717947790e-01
2.199999999999999966e-13 8.307692307692307043e-01 3.614102564102563950e-10 4.948717948717947790e-01
2.999999999999999839e-14 1.487179487179487170e-01 1.297435897435897529e-10 1.058974358974358987e+00
9.999999999999999042e-14 3.435897435897435903e-01 2.723076923076922661e-10 8.051282051282050434e-01
1.099999999999999983e-13 5.871794871794872028e-01 1.475641025641025735e-10 6.923076923076921796e-01
2.999999999999999839e-13 1.171794871794871851e+00 3.257692307692307538e-10 3.538461538461538103e-01
2.399999999999999871e-13 1.074358974358974317e+00 2.901282051282051126e-10 4.102564102564102422e-01
3.099999999999999917e-13 1.951282051282051455e+00 3.257692307692307538e-10 1.846153846153846256e-01
3.500000000000000233e-13 1.756410256410256610e+00 5.574358974358973960e-10 2.128205128205128138e-01
3.300000000000000075e-13 1.658974358974359076e+00 3.257692307692307538e-10 1.846153846153846256e-01
2.800000000000000186e-13 4.410256410256410131e-01 6.999999999999999609e-10 6.923076923076921796e-01
3.699999999999999885e-13 7.333333333333332815e-01 6.108974358974359354e-10 5.230769230769229949e-01
3.500000000000000233e-13 1.269230769230769384e+00 5.039743589743589600e-10 3.256410256410255943e-01
3.400000000000000154e-13 1.756410256410256610e+00 2.901282051282051126e-10 1.564102564102564097e-01
1.800000000000000156e-13 9.769230769230768940e-01 1.297435897435897529e-10 3.538461538461538103e-01
3.400000000000000154e-13 1.269230769230769384e+00 6.287179487179486784e-10 3.256410256410255943e-01
2.700000000000000107e-13 1.269230769230769384e+00 3.257692307692307538e-10 3.256410256410255943e-01
2.499999999999999950e-13 1.902564102564102688e+00 2.188461538461538560e-10 2.128205128205128138e-01
4.000000000000000121e-13 1.464102564102564230e+00 6.465384615384615249e-10 2.692307692307692180e-01
3.300000000000000075e-13 1.074358974358974317e+00 4.505128205128205240e-10 3.820512820512820262e-01
5.000000000000000152e-14 3.923076923076923572e-01 4.064102564102564335e-11 9.743589743589742280e-01
1.800000000000000156e-13 8.307692307692307043e-01 1.653846153846153941e-10 5.230769230769229949e-01
2.399999999999999871e-13 7.820512820512820484e-01 3.257692307692307538e-10 5.230769230769229949e-01
1.800000000000000156e-13 1.220512820512820618e+00 9.410256410256409873e-11 2.128205128205128138e-01
1.800000000000000156e-13 6.358974358974358587e-01 3.435897435897435486e-10 6.076923076923076428e-01
6.999999999999999203e-14 5.384615384615384359e-01 4.064102564102564335e-11 7.769230769230768274e-01
2.000000000000000061e-13 1.025641025641025772e+00 2.188461538461538560e-10 4.384615384615384581e-01
2.600000000000000028e-13 1.366666666666666696e+00 2.723076923076922661e-10 3.256410256410255943e-01
3.500000000000000233e-13 1.366666666666666696e+00 3.435897435897435486e-10 2.974358974358973784e-01
2.100000000000000140e-13 7.820512820512820484e-01 3.792307692307692415e-10 5.230769230769229949e-01
3.199999999999999996e-13 1.415384615384615463e+00 3.614102564102563950e-10 2.974358974358973784e-01
3.300000000000000075e-13 1.805128205128205154e+00 4.148717948717948310e-10 2.128205128205128138e-01
2.199999999999999966e-13 7.333333333333332815e-01 2.901282051282051126e-10 5.512820512820512109e-01
1.199999999999999935e-13 5.871794871794872028e-01 1.297435897435897529e-10 6.641025641025640747e-01
2.199999999999999966e-13 7.820512820512820484e-01 3.257692307692307538e-10 5.230769230769229949e-01
3.799999999999999964e-13 9.769230769230768940e-01 6.287179487179486784e-10 4.102564102564102422e-01
3.600000000000000311e-13 1.171794871794871851e+00 6.999999999999999609e-10 3.538461538461538103e-01
2.700000000000000107e-13 1.220512820512820618e+00 3.614102564102563950e-10 3.538461538461538103e-01
9.999999999999999042e-14 5.384615384615384359e-01 1.297435897435897529e-10 7.205128205128203955e-01
2.000000000000000061e-13 1.025641025641025772e+00 2.188461538461538560e-10 4.384615384615384581e-01
3.400000000000000154e-13 1.317948717948718151e+00 3.614102564102563950e-10 2.692307692307692180e-01
2.999999999999999839e-14 1.487179487179487170e-01 9.410256410256409873e-11 1.030769230769230660e+00
2.000000000000000061e-13 1.074358974358974317e+00 2.010256410256410354e-10 3.538461538461538103e-01
3.799999999999999964e-13 1.366666666666666696e+00 4.148717948717948310e-10 2.974358974358973784e-01
2.900000000000000265e-13 1.025641025641025772e+00 3.435897435897435486e-10 4.102564102564102422e-01
2.100000000000000140e-13 9.282051282051282382e-01 1.832051282051282147e-10 4.666666666666666741e-01
2.900000000000000265e-13 8.794871794871794712e-01 4.505128205128205240e-10 4.666666666666666741e-01
2.499999999999999950e-13 1.805128205128205154e+00 1.297435897435897529e-10 2.128205128205128138e-01
4.000000000000000121e-13 1.707692307692307843e+00 5.752564102564102424e-10 2.128205128205128138e-01
3.500000000000000233e-13 1.269230769230769384e+00 4.326923076923076775e-10 3.256410256410255943e-01
7.999999999999999991e-14 3.923076923076923572e-01 1.119230769230769193e-10 8.333333333333332593e-01
2.800000000000000186e-13 1.805128205128205154e+00 2.901282051282051126e-10 2.128205128205128138e-01
5.999999999999999677e-14 4.410256410256410131e-01 4.064102564102564335e-11 8.615384615384614753e-01
1.599999999999999998e-13 3.923076923076923572e-01 4.683333333333333704e-10 7.487179487179486115e-01
1.199999999999999935e-13 7.333333333333332815e-01 1.297435897435897529e-10 6.076923076923076428e-01
3.400000000000000154e-13 1.756410256410256610e+00 4.148717948717948310e-10 2.128205128205128138e-01
3.400000000000000154e-13 1.610256410256410309e+00 2.723076923076922661e-10 2.410256410256410298e-01
2.700000000000000107e-13 8.794871794871794712e-01 3.435897435897435486e-10 4.666666666666666741e-01
1.099999999999999983e-13 3.923076923076923572e-01 2.366666666666666766e-10 7.769230769230768274e-01
1.800000000000000156e-13 2.948717948717948789e-01 5.752564102564102424e-10 8.051282051282050434e-01
7.999999999999999991e-14 3.923076923076923572e-01 1.297435897435897529e-10 8.051282051282050434e-01
1.899999999999999982e-13 1.317948717948718151e+00 1.297435897435897529e-10 3.538461538461538103e-01
2.399999999999999871e-13 8.307692307692307043e-01 3.079487179487179590e-10 4.948717948717947790e-01
1.300000000000000014e-13 5.384615384615384359e-01 2.010256410256410354e-10 6.923076923076921796e-01
2.900000000000000265e-13 1.025641025641025772e+00 5.396153846153845495e-10 4.102564102564102422e-01
5.999999999999999677e-14 4.410256410256410131e-01 4.064102564102564335e-11 8.615384615384614753e-01
1.599999999999999998e-13 5.871794871794872028e-01 3.435897435897435486e-10 6.641025641025640747e-01
1.199999999999999935e-13 4.897435897435897800e-01 2.366666666666666766e-10 7.205128205128203955e-01
3.199999999999999996e-13 1.269230769230769384e+00 5.217948717948718064e-10 3.256410256410255943e-01
1.700000000000000077e-13 8.307692307692307043e-01 2.010256410256410354e-10 5.512820512820512109e-01
3.300000000000000075e-13 1.756410256410256610e+00 5.039743589743589600e-10 2.128205128205128138e-01
2.600000000000000028e-13 1.220512820512820618e+00 4.505128205128205240e-10 3.538461538461538103e-01
3.600000000000000311e-13 1.951282051282051455e+00 5.574358974358973960e-10 1.846153846153846256e-01
1.899999999999999982e-13 8.794871794871794712e-01 2.188461538461538560e-10 4.948717948717947790e-01
3.400000000000000154e-13 1.756410256410256610e+00 4.505128205128205240e-10 2.128205128205128138e-01
1.300000000000000014e-13 5.871794871794872028e-01 1.653846153846153941e-10 6.641025641025640747e-01
3.199999999999999996e-13 1.269230769230769384e+00 5.217948717948718064e-10 3.256410256410255943e-01
