 -12.496 -13.2747054
 -12.492 -13.274696
 -12.488 -13.2746865
 -12.484 -13.2746769
 -12.48 -13.2746672
 -12.476 -13.2746574
 -12.472 -13.2746476
 -12.468 -13.2746376
 -12.464 -13.2746276
 -12.46 -13.2746175
 -12.456 -13.2746072
 -12.452 -13.2745969
 -12.448 -13.2745865
 -12.444 -13.274576
 -12.44 -13.2745654
 -12.436 -13.2745547
 -12.432 -13.2745439
 -12.428 -13.274533
 -12.424 -13.2745219
 -12.42 -13.2745108
 -12.416 -13.2744996
 -12.412 -13.2744883
 -12.408 -13.2744769
 -12.404 -13.2744654
 -12.4 -13.2744537
 -12.396 -13.274442
 -12.392 -13.2744302
 -12.388 -13.2744182
 -12.384 -13.2744061
 -12.38 -13.274394
 -12.376 -13.2743817
 -12.372 -13.2743693
 -12.368 -13.2743568
 -12.364 -13.2743441
 -12.36 -13.2743314
 -12.356 -13.2743185
 -12.352 -13.2743055
 -12.348 -13.2742924
 -12.344 -13.2742792
 -12.34 -13.2742658
 -12.336 -13.2742524
 -12.332 -13.2742388
 -12.328 -13.2742251
 -12.324 -13.2742112
 -12.32 -13.2741972
 -12.316 -13.2741831
 -12.312 -13.2741689
 -12.308 -13.2741545
 -12.304 -13.27414
 -12.3 -13.2741254
 -12.296 -13.2741106
 -12.292 -13.2740957
 -12.288 -13.2740807
 -12.284 -13.2740655
 -12.28 -13.2740502
 -12.276 -13.2740347
 -12.272 -13.2740191
 -12.268 -13.2740034
 -12.264 -13.2739875
 -12.26 -13.2739715
 -12.256 -13.2739553
 -12.252 -13.273939
 -12.248 -13.2739225
 -12.244 -13.2739058
 -12.24 -13.273889
 -12.236 -13.2738721
 -12.232 -13.273855
 -12.228 -13.2738377
 -12.224 -13.2738203
 -12.22 -13.2738028
 -12.216 -13.273785
 -12.212 -13.2737671
 -12.208 -13.273749
 -12.204 -13.2737308
 -12.2 -13.2737124
 -12.196 -13.2736938
 -12.192 -13.2736751
 -12.188 -13.2736562
 -12.184 -13.2736371
 -12.18 -13.2736178
 -12.176 -13.2735984
 -12.172 -13.2735788
 -12.168 -13.273559
 -12.164 -13.273539
 -12.16 -13.2735188
 -12.156 -13.2734985
 -12.152 -13.2734779
 -12.148 -13.2734572
 -12.144 -13.2734363
 -12.14 -13.2734152
 -12.136 -13.2733939
 -12.132 -13.2733724
 -12.128 -13.2733506
 -12.124 -13.2733287
 -12.12 -13.2733066
 -12.116 -13.2732843
 -12.112 -13.2732618
 -12.108 -13.2732391
 -12.104 -13.2732162
 -12.1 -13.273193
 -12.096 -13.2731697
 -12.092 -13.2731461
 -12.088 -13.2731223
 -12.084 -13.2730983
 -12.08 -13.2730741
 -12.076 -13.2730497
 -12.072 -13.273025
 -12.068 -13.2730001
 -12.064 -13.272975
 -12.06 -13.2729496
 -12.056 -13.272924
 -12.052 -13.2728982
 -12.048 -13.2728722
 -12.044 -13.2728458
 -12.04 -13.2728193
 -12.036 -13.2727925
 -12.032 -13.2727655
 -12.028 -13.2727382
 -12.024 -13.2727107
 -12.02 -13.2726829
 -12.016 -13.2726548
 -12.012 -13.2726265
 -12.008 -13.272598
 -12.004 -13.2725692
 -12. -13.2725401
 -11.996 -13.2725107
 -11.992 -13.2724811
 -11.988 -13.2724512
 -11.984 -13.272421
 -11.98 -13.2723906
 -11.976 -13.2723599
 -11.972 -13.2723289
 -11.968 -13.2722976
 -11.964 -13.272266
 -11.96 -13.2722341
 -11.956 -13.272202
 -11.952 -13.2721695
 -11.948 -13.2721367
 -11.944 -13.2721037
 -11.94 -13.2720703
 -11.936 -13.2720367
 -11.932 -13.2720027
 -11.928 -13.2719684
 -11.924 -13.2719338
 -11.92 -13.2718989
 -11.916 -13.2718636
 -11.912 -13.2718281
 -11.908 -13.2717922
 -11.904 -13.271756
 -11.9 -13.2717194
 -11.896 -13.2716826
 -11.892 -13.2716453
 -11.888 -13.2716078
 -11.884 -13.2715699
 -11.88 -13.2715316
 -11.876 -13.271493
 -11.872 -13.271454
 -11.868 -13.2714147
 -11.864 -13.2713751
 -11.86 -13.271335
 -11.856 -13.2712946
 -11.852 -13.2712538
 -11.848 -13.2712127
 -11.844 -13.2711712
 -11.84 -13.2711293
 -11.836 -13.271087
 -11.832 -13.2710443
 -11.828 -13.2710012
 -11.824 -13.2709578
 -11.82 -13.2709139
 -11.816 -13.2708696
 -11.812 -13.270825
 -11.808 -13.2707799
 -11.804 -13.2707344
 -11.8 -13.2706885
 -11.796 -13.2706422
 -11.792 -13.2705954
 -11.788 -13.2705483
 -11.784 -13.2705007
 -11.78 -13.2704526
 -11.776 -13.2704041
 -11.772 -13.2703552
 -11.768 -13.2703059
 -11.764 -13.270256
 -11.76 -13.2702058
 -11.756 -13.270155
 -11.752 -13.2701038
 -11.748 -13.2700522
 -11.744 -13.27
 -11.74 -13.2699474
 -11.736 -13.2698943
 -11.732 -13.2698407
 -11.728 -13.2697867
 -11.724 -13.2697321
 -11.72 -13.269677
 -11.716 -13.2696215
 -11.712 -13.2695654
 -11.708 -13.2695088
 -11.704 -13.2694517
 -11.7 -13.2693941
 -11.696 -13.269336
 -11.692 -13.2692773
 -11.688 -13.2692181
 -11.684 -13.2691584
 -11.68 -13.2690981
 -11.676 -13.2690372
 -11.672 -13.2689758
 -11.668 -13.2689139
 -11.664 -13.2688514
 -11.66 -13.2687883
 -11.656 -13.2687246
 -11.652 -13.2686604
 -11.648 -13.2685955
 -11.644 -13.2685301
 -11.64 -13.2684641
 -11.636 -13.2683975
 -11.632 -13.2683303
 -11.628 -13.2682624
 -11.624 -13.268194
 -11.62 -13.2681249
 -11.616 -13.2680552
 -11.612 -13.2679849
 -11.608 -13.2679139
 -11.604 -13.2678423
 -11.6 -13.2677701
 -11.596 -13.2676971
 -11.592 -13.2676235
 -11.588 -13.2675493
 -11.584 -13.2674744
 -11.58 -13.2673988
 -11.576 -13.2673225
 -11.572 -13.2672455
 -11.568 -13.2671678
 -11.564 -13.2670894
 -11.56 -13.2670103
 -11.556 -13.2669305
 -11.552 -13.2668499
 -11.548 -13.2667687
 -11.544 -13.2666867
 -11.54 -13.2666039
 -11.536 -13.2665204
 -11.532 -13.2664362
 -11.528 -13.2663511
 -11.524 -13.2662654
 -11.52 -13.2661788
 -11.516 -13.2660914
 -11.512 -13.2660033
 -11.508 -13.2659144
 -11.504 -13.2658246
 -11.5 -13.2657341
 -11.496 -13.2656427
 -11.492 -13.2655505
 -11.488 -13.2654575
 -11.484 -13.2653636
 -11.48 -13.2652689
 -11.476 -13.2651733
 -11.472 -13.2650769
 -11.468 -13.2649795
 -11.464 -13.2648814
 -11.46 -13.2647823
 -11.456 -13.2646823
 -11.452 -13.2645814
 -11.448 -13.2644797
 -11.444 -13.264377
 -11.44 -13.2642734
 -11.436 -13.2641688
 -11.432 -13.2640633
 -11.428 -13.2639568
 -11.424 -13.2638494
 -11.42 -13.2637411
 -11.416 -13.2636317
 -11.412 -13.2635214
 -11.408 -13.2634101
 -11.404 -13.2632977
 -11.4 -13.2631844
 -11.396 -13.26307
 -11.392 -13.2629547
 -11.388 -13.2628382
 -11.384 -13.2627208
 -11.38 -13.2626023
 -11.376 -13.2624827
 -11.372 -13.262362
 -11.368 -13.2622403
 -11.364 -13.2621175
 -11.36 -13.2619935
 -11.356 -13.2618685
 -11.352 -13.2617423
 -11.348 -13.261615
 -11.344 -13.2614866
 -11.34 -13.261357
 -11.336 -13.2612263
 -11.332 -13.2610944
 -11.328 -13.2609613
 -11.324 -13.260827
 -11.32 -13.2606915
 -11.316 -13.2605548
 -11.312 -13.2604169
 -11.308 -13.2602777
 -11.304 -13.2601374
 -11.3 -13.2599957
 -11.296 -13.2598528
 -11.292 -13.2597086
 -11.288 -13.2595632
 -11.284 -13.2594164
 -11.28 -13.2592683
 -11.276 -13.2591189
 -11.272 -13.2589682
 -11.268 -13.2588162
 -11.264 -13.2586627
 -11.26 -13.258508
 -11.256 -13.2583518
 -11.252 -13.2581943
 -11.248 -13.2580353
 -11.244 -13.257875
 -11.24 -13.2577132
 -11.236 -13.25755
 -11.232 -13.2573853
 -11.228 -13.2572192
 -11.224 -13.2570516
 -11.22 -13.2568825
 -11.216 -13.2567119
 -11.212 -13.2565398
 -11.208 -13.2563662
 -11.204 -13.2561911
 -11.2 -13.2560144
 -11.196 -13.2558361
 -11.192 -13.2556563
 -11.188 -13.2554749
 -11.184 -13.2552918
 -11.18 -13.2551072
 -11.176 -13.2549209
 -11.172 -13.254733
 -11.168 -13.2545435
 -11.164 -13.2543522
 -11.16 -13.2541593
 -11.156 -13.2539647
 -11.152 -13.2537683
 -11.148 -13.2535703
 -11.144 -13.2533705
 -11.14 -13.2531689
 -11.136 -13.2529656
 -11.132 -13.2527605
 -11.128 -13.2525536
 -11.124 -13.2523449
 -11.12 -13.2521343
 -11.116 -13.2519219
 -11.112 -13.2517076
 -11.108 -13.2514915
 -11.104 -13.2512735
 -11.1 -13.2510536
 -11.096 -13.2508317
 -11.092 -13.2506079
 -11.088 -13.2503822
 -11.084 -13.2501544
 -11.08 -13.2499247
 -11.076 -13.249693
 -11.072 -13.2494593
 -11.068 -13.2492236
 -11.064 -13.2489857
 -11.06 -13.2487459
 -11.056 -13.2485039
 -11.052 -13.2482598
 -11.048 -13.2480136
 -11.044 -13.2477653
 -11.04 -13.2475148
 -11.036 -13.2472622
 -11.032 -13.2470074
 -11.028 -13.2467503
 -11.024 -13.2464911
 -11.02 -13.2462295
 -11.016 -13.2459658
 -11.012 -13.2456997
 -11.008 -13.2454314
 -11.004 -13.2451607
 -11. -13.2448877
 -10.996 -13.2446124
 -10.992 -13.2443347
 -10.988 -13.2440546
 -10.984 -13.2437721
 -10.98 -13.2434871
 -10.976 -13.2431997
 -10.972 -13.2429099
 -10.968 -13.2426175
 -10.964 -13.2423227
 -10.96 -13.2420253
 -10.956 -13.2417254
 -10.952 -13.2414229
 -10.948 -13.2411178
 -10.944 -13.2408102
 -10.94 -13.2404999
 -10.936 -13.2401869
 -10.932 -13.2398713
 -10.928 -13.239553
 -10.924 -13.239232
 -10.92 -13.2389083
 -10.916 -13.2385818
 -10.912 -13.2382525
 -10.908 -13.2379204
 -10.904 -13.2375856
 -10.9 -13.2372479
 -10.896 -13.2369073
 -10.892 -13.2365639
 -10.888 -13.2362175
 -10.884 -13.2358682
 -10.88 -13.235516
 -10.876 -13.2351608
 -10.872 -13.2348026
 -10.868 -13.2344414
 -10.864 -13.2340772
 -10.86 -13.2337099
 -10.856 -13.2333395
 -10.852 -13.232966
 -10.848 -13.2325894
 -10.844 -13.2322096
 -10.84 -13.2318267
 -10.836 -13.2314405
 -10.832 -13.2310511
 -10.828 -13.2306585
 -10.824 -13.2302626
 -10.82 -13.2298634
 -10.816 -13.2294609
 -10.812 -13.229055
 -10.808 -13.2286458
 -10.804 -13.2282331
 -10.8 -13.2278171
 -10.796 -13.2273976
 -10.792 -13.2269746
 -10.788 -13.2265481
 -10.784 -13.2261182
 -10.78 -13.2256846
 -10.776 -13.2252475
 -10.772 -13.2248068
 -10.768 -13.2243625
 -10.764 -13.2239145
 -10.76 -13.2234628
 -10.756 -13.2230074
 -10.752 -13.2225483
 -10.748 -13.2220855
 -10.744 -13.2216189
 -10.74 -13.2211484
 -10.736 -13.2206741
 -10.732 -13.220196
 -10.728 -13.2197139
 -10.724 -13.219228
 -10.72 -13.2187381
 -10.716 -13.2182442
 -10.712 -13.2177463
 -10.708 -13.2172444
 -10.704 -13.2167385
 -10.7 -13.2162284
 -10.696 -13.2157143
 -10.692 -13.215196
 -10.688 -13.2146735
 -10.684 -13.2141468
 -10.68 -13.2136159
 -10.676 -13.2130808
 -10.672 -13.2125414
 -10.668 -13.2119976
 -10.664 -13.2114495
 -10.66 -13.2108971
 -10.656 -13.2103402
 -10.652 -13.2097789
 -10.648 -13.2092132
 -10.644 -13.2086429
 -10.64 -13.2080682
 -10.636 -13.2074889
 -10.632 -13.206905
 -10.628 -13.2063165
 -10.624 -13.2057234
 -10.62 -13.2051256
 -10.616 -13.2045231
 -10.612 -13.2039159
 -10.608 -13.2033039
 -10.604 -13.2026871
 -10.6 -13.2020655
 -10.596 -13.2014391
 -10.592 -13.2008078
 -10.588 -13.2001716
 -10.584 -13.1995304
 -10.58 -13.1988842
 -10.576 -13.1982331
 -10.572 -13.1975769
 -10.568 -13.1969156
 -10.564 -13.1962493
 -10.56 -13.1955778
 -10.556 -13.1949011
 -10.552 -13.1942193
 -10.548 -13.1935322
 -10.544 -13.1928399
 -10.54 -13.1921423
 -10.536 -13.1914393
 -10.532 -13.190731
 -10.528 -13.1900174
 -10.524 -13.1892983
 -10.52 -13.1885737
 -10.516 -13.1878437
 -10.512 -13.1871082
 -10.508 -13.1863671
 -10.504 -13.1856204
 -10.5 -13.1848682
 -10.496 -13.1841103
 -10.492 -13.1833467
 -10.488 -13.1825774
 -10.484 -13.1818024
 -10.48 -13.1810216
 -10.476 -13.180235
 -10.472 -13.1794425
 -10.468 -13.1786442
 -10.464 -13.17784
 -10.46 -13.1770299
 -10.456 -13.1762138
 -10.452 -13.1753917
 -10.448 -13.1745635
 -10.444 -13.1737293
 -10.44 -13.172889
 -10.436 -13.1720426
 -10.432 -13.17119
 -10.428 -13.1703312
 -10.424 -13.1694662
 -10.42 -13.1685949
 -10.416 -13.1677173
 -10.412 -13.1668334
 -10.408 -13.1659432
 -10.404 -13.1650465
 -10.4 -13.1641435
 -10.396 -13.163234
 -10.392 -13.1623179
 -10.388 -13.1613954
 -10.384 -13.1604663
 -10.38 -13.1595306
 -10.376 -13.1585884
 -10.372 -13.1576394
 -10.368 -13.1566838
 -10.364 -13.1557214
 -10.36 -13.1547524
 -10.356 -13.1537765
 -10.352 -13.1527938
 -10.348 -13.1518043
 -10.344 -13.1508079
 -10.34 -13.1498046
 -10.336 -13.1487943
 -10.332 -13.1477771
 -10.328 -13.1467529
 -10.324 -13.1457217
 -10.32 -13.1446834
 -10.316 -13.1436379
 -10.312 -13.1425854
 -10.308 -13.1415257
 -10.304 -13.1404588
 -10.3 -13.1393847
 -10.296 -13.1383034
 -10.292 -13.1372147
 -10.288 -13.1361188
 -10.284 -13.1350155
 -10.28 -13.1339048
 -10.276 -13.1327867
 -10.272 -13.1316612
 -10.268 -13.1305282
 -10.264 -13.1293878
 -10.26 -13.1282398
 -10.256 -13.1270842
 -10.252 -13.1259211
 -10.248 -13.1247503
 -10.244 -13.123572
 -10.24 -13.1223859
 -10.236 -13.1211921
 -10.232 -13.1199907
 -10.228 -13.1187814
 -10.224 -13.1175644
 -10.22 -13.1163396
 -10.216 -13.1151069
 -10.212 -13.1138663
 -10.208 -13.1126179
 -10.204 -13.1113615
 -10.2 -13.1100972
 -10.196 -13.1088249
 -10.192 -13.1075446
 -10.188 -13.1062563
 -10.184 -13.1049599
 -10.18 -13.1036554
 -10.176 -13.1023429
 -10.172 -13.1010222
 -10.168 -13.0996933
 -10.164 -13.0983562
 -10.16 -13.097011
 -10.156 -13.0956574
 -10.152 -13.0942957
 -10.148 -13.0929256
 -10.144 -13.0915473
 -10.14 -13.0901606
 -10.136 -13.0887655
 -10.132 -13.0873621
 -10.128 -13.0859503
 -10.124 -13.08453
 -10.12 -13.0831013
 -10.116 -13.0816642
 -10.112 -13.0802185
 -10.108 -13.0787643
 -10.104 -13.0773016
 -10.1 -13.0758303
 -10.096 -13.0743505
 -10.092 -13.072862
 -10.088 -13.071365
 -10.084 -13.0698593
 -10.08 -13.0683449
 -10.076 -13.0668219
 -10.072 -13.0652902
 -10.068 -13.0637497
 -10.064 -13.0622005
 -10.06 -13.0606426
 -10.056 -13.0590759
 -10.052 -13.0575004
 -10.048 -13.0559161
 -10.044 -13.054323
 -10.04 -13.0527211
 -10.036 -13.0511103
 -10.032 -13.0494906
 -10.028 -13.0478621
 -10.024 -13.0462246
 -10.02 -13.0445782
 -10.016 -13.0429229
 -10.012 -13.0412587
 -10.008 -13.0395855
 -10.004 -13.0379033
 -10. -13.0362122
 -9.996 -13.034512
 -9.992 -13.0328029
 -9.988 -13.0310847
 -9.984 -13.0293575
 -9.98 -13.0276212
 -9.976 -13.0258759
 -9.972 -13.0241215
 -9.968 -13.022358
 -9.964 -13.0205855
 -9.96 -13.0188038
 -9.956 -13.0170131
 -9.952 -13.0152132
 -9.948 -13.0134043
 -9.944 -13.0115861
 -9.94 -13.0097589
 -9.936 -13.0079225
 -9.932 -13.0060769
 -9.928 -13.0042222
 -9.924 -13.0023584
 -9.92 -13.0004853
 -9.916 -12.9986031
 -9.912 -12.9967117
 -9.908 -12.9948111
 -9.904 -12.9929013
 -9.9 -12.9909824
 -9.896 -12.9890542
 -9.892 -12.9871168
 -9.888 -12.9851703
 -9.884 -12.9832145
 -9.88 -12.9812495
 -9.876 -12.9792753
 -9.872 -12.9772919
 -9.868 -12.9752993
 -9.864 -12.9732975
 -9.86 -12.9712865
 -9.856 -12.9692663
 -9.852 -12.9672368
 -9.848 -12.9651982
 -9.844 -12.9631503
 -9.84 -12.9610932
 -9.836 -12.959027
 -9.832 -12.9569515
 -9.828 -12.9548669
 -9.824 -12.952773
 -9.82 -12.95067
 -9.816 -12.9485578
 -9.812 -12.9464363
 -9.808 -12.9443058
 -9.804 -12.942166
 -9.8 -12.9400171
 -9.796 -12.9378591
 -9.792 -12.9356919
 -9.788 -12.9335155
 -9.784 -12.93133
 -9.78 -12.9291354
 -9.776 -12.9269317
 -9.772 -12.9247188
 -9.768 -12.9224969
 -9.764 -12.9202658
 -9.76 -12.9180257
 -9.756 -12.9157765
 -9.752 -12.9135183
 -9.748 -12.911251
 -9.744 -12.9089746
 -9.74 -12.9066892
 -9.736 -12.9043948
 -9.732 -12.9020914
 -9.728 -12.8997791
 -9.724 -12.8974577
 -9.72 -12.8951274
 -9.716 -12.8927881
 -9.712 -12.8904398
 -9.708 -12.8880827
 -9.704 -12.8857166
 -9.7 -12.8833417
 -9.696 -12.8809579
 -9.692 -12.8785652
 -9.688 -12.8761636
 -9.684 -12.8737533
 -9.68 -12.8713341
 -9.676 -12.8689061
 -9.672 -12.8664693
 -9.668 -12.8640238
 -9.664 -12.8615695
 -9.66 -12.8591065
 -9.656 -12.8566348
 -9.652 -12.8541544
 -9.648 -12.8516654
 -9.644 -12.8491677
 -9.64 -12.8466613
 -9.636 -12.8441464
 -9.632 -12.8416228
 -9.628 -12.8390907
 -9.624 -12.8365501
 -9.62 -12.8340009
 -9.616 -12.8314432
 -9.612 -12.828877
 -9.608 -12.8263024
 -9.604 -12.8237193
 -9.6 -12.8211278
 -9.596 -12.818528
 -9.592 -12.8159197
 -9.588 -12.8133031
 -9.584 -12.8106782
 -9.58 -12.808045
 -9.576 -12.8054035
 -9.572 -12.8027537
 -9.568 -12.8000958
 -9.564 -12.7974296
 -9.56 -12.7947552
 -9.556 -12.7920727
 -9.552 -12.7893821
 -9.548 -12.7866834
 -9.544 -12.7839766
 -9.54 -12.7812618
 -9.536 -12.7785389
 -9.532 -12.775808
 -9.528 -12.7730692
 -9.524 -12.7703225
 -9.52 -12.7675678
 -9.516 -12.7648052
 -9.512 -12.7620348
 -9.508 -12.7592566
 -9.504 -12.7564705
 -9.5 -12.7536767
 -9.496 -12.7508751
 -9.492 -12.7480658
 -9.488 -12.7452489
 -9.484 -12.7424242
 -9.48 -12.739592
 -9.476 -12.7367521
 -9.472 -12.7339047
 -9.468 -12.7310497
 -9.464 -12.7281872
 -9.46 -12.7253172
 -9.456 -12.7224398
 -9.452 -12.719555
 -9.448 -12.7166627
 -9.444 -12.7137631
 -9.44 -12.7108562
 -9.436 -12.7079419
 -9.432 -12.7050204
 -9.428 -12.7020917
 -9.424 -12.6991557
 -9.42 -12.6962126
 -9.416 -12.6932623
 -9.412 -12.6903049
 -9.408 -12.6873405
 -9.404 -12.6843689
 -9.4 -12.6813904
 -9.396 -12.6784048
 -9.392 -12.6754124
 -9.388 -12.6724129
 -9.384 -12.6694066
 -9.38 -12.6663934
 -9.376 -12.6633734
 -9.372 -12.6603466
 -9.368 -12.657313
 -9.364 -12.6542727
 -9.36 -12.6512257
 -9.356 -12.648172
 -9.352 -12.6451117
 -9.348 -12.6420448
 -9.344 -12.6389713
 -9.34 -12.6358912
 -9.336 -12.6328047
 -9.332 -12.6297117
 -9.328 -12.6266122
 -9.324 -12.6235063
 -9.32 -12.6203941
 -9.316 -12.6172754
 -9.312 -12.6141505
 -9.308 -12.6110193
 -9.304 -12.6078819
 -9.3 -12.6047382
 -9.296 -12.6015884
 -9.292 -12.5984324
 -9.288 -12.5952703
 -9.284 -12.5921021
 -9.28 -12.5889279
 -9.276 -12.5857476
 -9.272 -12.5825614
 -9.268 -12.5793692
 -9.264 -12.576171
 -9.26 -12.572967
 -9.256 -12.5697572
 -9.252 -12.5665415
 -9.248 -12.56332
 -9.244 -12.5600927
 -9.24 -12.5568598
 -9.236 -12.5536211
 -9.232 -12.5503768
 -9.228 -12.5471268
 -9.224 -12.5438713
 -9.22 -12.5406102
 -9.216 -12.5373435
 -9.212 -12.5340714
 -9.208 -12.5307938
 -9.204 -12.5275107
 -9.2 -12.5242223
 -9.196 -12.5209284
 -9.192 -12.5176293
 -9.188 -12.5143248
 -9.184 -12.5110151
 -9.18 -12.5077001
 -9.176 -12.5043799
 -9.172 -12.5010545
 -9.168 -12.4977239
 -9.164 -12.4943883
 -9.16 -12.4910475
 -9.156 -12.4877017
 -9.152 -12.4843509
 -9.148 -12.4809951
 -9.144 -12.4776343
 -9.14 -12.4742686
 -9.136 -12.470898
 -9.132 -12.4675225
 -9.128 -12.4641422
 -9.124 -12.4607571
 -9.12 -12.4573672
 -9.116 -12.4539725
 -9.112 -12.4505732
 -9.108 -12.4471691
 -9.104 -12.4437604
 -9.1 -12.4403471
 -9.096 -12.4369291
 -9.092 -12.4335066
 -9.088 -12.4300796
 -9.084 -12.4266481
 -9.08 -12.4232121
 -9.076 -12.4197716
 -9.072 -12.4163267
 -9.068 -12.4128775
 -9.064 -12.4094238
 -9.06 -12.4059659
 -9.056 -12.4025036
 -9.052 -12.3990371
 -9.048 -12.3955663
 -9.044 -12.3920913
 -9.04 -12.3886121
 -9.036 -12.3851288
 -9.032 -12.3816413
 -9.028 -12.3781498
 -9.024 -12.3746541
 -9.02 -12.3711544
 -9.016 -12.3676507
 -9.012 -12.364143
 -9.008 -12.3606314
 -9.004 -12.3571158
 -9. -12.3535963
 -8.996 -12.3500729
 -8.992 -12.3465457
 -8.988 -12.3430146
 -8.984 -12.3394797
 -8.98 -12.3359411
 -8.976 -12.3323987
 -8.972 -12.3288526
 -8.968 -12.3253028
 -8.964 -12.3217494
 -8.96 -12.3181923
 -8.956 -12.3146316
 -8.952 -12.3110673
 -8.948 -12.3074994
 -8.944 -12.303928
 -8.94 -12.3003531
 -8.936 -12.2967747
 -8.932 -12.2931928
 -8.928 -12.2896075
 -8.924 -12.2860188
 -8.92 -12.2824267
 -8.916 -12.2788313
 -8.912 -12.2752325
 -8.908 -12.2716304
 -8.904 -12.268025
 -8.9 -12.2644163
 -8.896 -12.2608044
 -8.892 -12.2571893
 -8.888 -12.253571
 -8.884 -12.2499496
 -8.88 -12.2463249
 -8.876 -12.2426972
 -8.872 -12.2390664
 -8.868 -12.2354325
 -8.864 -12.2317955
 -8.86 -12.2281555
 -8.856 -12.2245125
 -8.852 -12.2208665
 -8.848 -12.2172176
 -8.844 -12.2135657
 -8.84 -12.2099109
 -8.836 -12.2062532
 -8.832 -12.2025927
 -8.828 -12.1989292
 -8.824 -12.195263
 -8.82 -12.191594
 -8.816 -12.1879221
 -8.812 -12.1842475
 -8.808 -12.1805702
 -8.804 -12.1768901
 -8.8 -12.1732074
 -8.796 -12.1695219
 -8.792 -12.1658338
 -8.788 -12.1621431
 -8.784 -12.1584497
 -8.78 -12.1547538
 -8.776 -12.1510552
 -8.772 -12.1473542
 -8.768 -12.1436505
 -8.764 -12.1399444
 -8.76 -12.1362357
 -8.756 -12.1325246
 -8.752 -12.128811
 -8.748 -12.125095
 -8.744 -12.1213766
 -8.74 -12.1176557
 -8.736 -12.1139325
 -8.732 -12.1102069
 -8.728 -12.106479
 -8.724 -12.1027487
 -8.72 -12.0990162
 -8.716 -12.0952813
 -8.712 -12.0915442
 -8.708 -12.0878048
 -8.704 -12.0840632
 -8.7 -12.0803194
 -8.696 -12.0765734
 -8.692 -12.0728251
 -8.688 -12.0690748
 -8.684 -12.0653222
 -8.68 -12.0615676
 -8.676 -12.0578108
 -8.672 -12.054052
 -8.668 -12.050291
 -8.664 -12.046528
 -8.66 -12.042763
 -8.656 -12.0389959
 -8.652 -12.0352268
 -8.648 -12.0314557
 -8.644 -12.0276827
 -8.64 -12.0239077
 -8.636 -12.0201307
 -8.632 -12.0163518
 -8.628 -12.012571
 -8.624 -12.0087882
 -8.62 -12.0050036
 -8.616 -12.0012172
 -8.612 -11.9974288
 -8.608 -11.9936387
 -8.604 -11.9898467
 -8.6 -11.9860529
 -8.596 -11.9822573
 -8.592 -11.9784599
 -8.588 -11.9746608
 -8.584 -11.9708599
 -8.58 -11.9670572
 -8.576 -11.9632529
 -8.572 -11.9594468
 -8.568 -11.9556391
 -8.564 -11.9518297
 -8.56 -11.9480186
 -8.556 -11.9442059
 -8.552 -11.9403915
 -8.548 -11.9365755
 -8.544 -11.9327579
 -8.54 -11.9289387
 -8.536 -11.9251179
 -8.532 -11.9212955
 -8.528 -11.9174716
 -8.524 -11.9136461
 -8.52 -11.9098192
 -8.516 -11.9059906
 -8.512 -11.9021606
 -8.508 -11.8983291
 -8.504 -11.8944961
 -8.5 -11.8906617
