 -12.496 -13.7586162
 -12.492 -13.7585667
 -12.488 -13.7585167
 -12.484 -13.7584663
 -12.48 -13.7584154
 -12.476 -13.7583641
 -12.472 -13.7583123
 -12.468 -13.75826
 -12.464 -13.7582073
 -12.46 -13.758154
 -12.456 -13.7581003
 -12.452 -13.7580461
 -12.448 -13.7579914
 -12.444 -13.7579361
 -12.44 -13.7578804
 -12.436 -13.7578242
 -12.432 -13.7577675
 -12.428 -13.7577102
 -12.424 -13.7576524
 -12.42 -13.7575941
 -12.416 -13.7575353
 -12.412 -13.7574759
 -12.408 -13.757416
 -12.404 -13.7573556
 -12.4 -13.7572946
 -12.396 -13.757233
 -12.392 -13.7571709
 -12.388 -13.7571082
 -12.384 -13.7570449
 -12.38 -13.7569811
 -12.376 -13.7569167
 -12.372 -13.7568517
 -12.368 -13.7567861
 -12.364 -13.7567199
 -12.36 -13.7566531
 -12.356 -13.7565857
 -12.352 -13.7565177
 -12.348 -13.756449
 -12.344 -13.7563798
 -12.34 -13.7563099
 -12.336 -13.7562393
 -12.332 -13.7561682
 -12.328 -13.7560964
 -12.324 -13.7560239
 -12.32 -13.7559508
 -12.316 -13.755877
 -12.312 -13.7558025
 -12.308 -13.7557274
 -12.304 -13.7556516
 -12.3 -13.7555751
 -12.296 -13.7554979
 -12.292 -13.75542
 -12.288 -13.7553414
 -12.284 -13.7552621
 -12.28 -13.755182
 -12.276 -13.7551013
 -12.272 -13.7550198
 -12.268 -13.7549376
 -12.264 -13.7548546
 -12.26 -13.7547709
 -12.256 -13.7546864
 -12.252 -13.7546011
 -12.248 -13.7545151
 -12.244 -13.7544283
 -12.24 -13.7543407
 -12.236 -13.7542523
 -12.232 -13.7541631
 -12.228 -13.7540732
 -12.224 -13.7539824
 -12.22 -13.7538907
 -12.216 -13.7537983
 -12.212 -13.753705
 -12.208 -13.7536109
 -12.204 -13.7535159
 -12.2 -13.7534201
 -12.196 -13.7533234
 -12.192 -13.7532258
 -12.188 -13.7531273
 -12.184 -13.753028
 -12.18 -13.7529277
 -12.176 -13.7528266
 -12.172 -13.7527245
 -12.168 -13.7526216
 -12.164 -13.7525177
 -12.16 -13.7524128
 -12.156 -13.752307
 -12.152 -13.7522003
 -12.148 -13.7520926
 -12.144 -13.7519839
 -12.14 -13.7518743
 -12.136 -13.7517637
 -12.132 -13.751652
 -12.128 -13.7515394
 -12.124 -13.7514258
 -12.12 -13.7513111
 -12.116 -13.7511954
 -12.112 -13.7510787
 -12.108 -13.7509609
 -12.104 -13.750842
 -12.1 -13.7507221
 -12.096 -13.7506011
 -12.092 -13.7504791
 -12.088 -13.7503559
 -12.084 -13.7502316
 -12.08 -13.7501063
 -12.076 -13.7499798
 -12.072 -13.7498521
 -12.068 -13.7497233
 -12.064 -13.7495934
 -12.06 -13.7494623
 -12.056 -13.74933
 -12.052 -13.7491966
 -12.048 -13.749062
 -12.044 -13.7489261
 -12.04 -13.748789
 -12.036 -13.7486508
 -12.032 -13.7485112
 -12.028 -13.7483705
 -12.024 -13.7482284
 -12.02 -13.7480851
 -12.016 -13.7479406
 -12.012 -13.7477947
 -12.008 -13.7476476
 -12.004 -13.7474991
 -12. -13.7473493
 -11.996 -13.7471982
 -11.992 -13.7470457
 -11.988 -13.7468919
 -11.984 -13.7467367
 -11.98 -13.7465801
 -11.976 -13.7464222
 -11.972 -13.7462628
 -11.968 -13.746102
 -11.964 -13.7459398
 -11.96 -13.7457761
 -11.956 -13.745611
 -11.952 -13.7454445
 -11.948 -13.7452764
 -11.944 -13.7451069
 -11.94 -13.7449359
 -11.936 -13.7447633
 -11.932 -13.7445892
 -11.928 -13.7444136
 -11.924 -13.7442364
 -11.92 -13.7440577
 -11.916 -13.7438774
 -11.912 -13.7436955
 -11.908 -13.743512
 -11.904 -13.7433268
 -11.9 -13.7431401
 -11.896 -13.7429517
 -11.892 -13.7427616
 -11.888 -13.7425699
 -11.884 -13.7423764
 -11.88 -13.7421813
 -11.876 -13.7419844
 -11.872 -13.7417858
 -11.868 -13.7415855
 -11.864 -13.7413834
 -11.86 -13.7411796
 -11.856 -13.7409739
 -11.852 -13.7407664
 -11.848 -13.7405572
 -11.844 -13.7403461
 -11.84 -13.7401331
 -11.836 -13.7399183
 -11.832 -13.7397016
 -11.828 -13.739483
 -11.824 -13.7392624
 -11.82 -13.73904
 -11.816 -13.7388156
 -11.812 -13.7385893
 -11.808 -13.738361
 -11.804 -13.7381307
 -11.8 -13.7378983
 -11.796 -13.737664
 -11.792 -13.7374276
 -11.788 -13.7371892
 -11.784 -13.7369487
 -11.78 -13.7367061
 -11.776 -13.7364614
 -11.772 -13.7362145
 -11.768 -13.7359656
 -11.764 -13.7357144
 -11.76 -13.7354611
 -11.756 -13.7352056
 -11.752 -13.7349479
 -11.748 -13.734688
 -11.744 -13.7344258
 -11.74 -13.7341613
 -11.736 -13.7338946
 -11.732 -13.7336255
 -11.728 -13.7333542
 -11.724 -13.7330805
 -11.72 -13.7328044
 -11.716 -13.732526
 -11.712 -13.7322451
 -11.708 -13.7319619
 -11.704 -13.7316762
 -11.7 -13.7313881
 -11.696 -13.7310975
 -11.692 -13.7308044
 -11.688 -13.7305088
 -11.684 -13.7302106
 -11.68 -13.7299099
 -11.676 -13.7296067
 -11.672 -13.7293008
 -11.668 -13.7289924
 -11.664 -13.7286813
 -11.66 -13.7283675
 -11.656 -13.7280511
 -11.652 -13.727732
 -11.648 -13.7274101
 -11.644 -13.7270856
 -11.64 -13.7267582
 -11.636 -13.7264281
 -11.632 -13.7260952
 -11.628 -13.7257595
 -11.624 -13.7254209
 -11.62 -13.7250795
 -11.616 -13.7247351
 -11.612 -13.7243879
 -11.608 -13.7240377
 -11.604 -13.7236846
 -11.6 -13.7233285
 -11.596 -13.7229694
 -11.592 -13.7226073
 -11.588 -13.7222422
 -11.584 -13.7218739
 -11.58 -13.7215026
 -11.576 -13.7211282
 -11.572 -13.7207506
 -11.568 -13.7203699
 -11.564 -13.7199859
 -11.56 -13.7195988
 -11.556 -13.7192085
 -11.552 -13.7188148
 -11.548 -13.7184179
 -11.544 -13.7180177
 -11.54 -13.7176142
 -11.536 -13.7172073
 -11.532 -13.7167971
 -11.528 -13.7163834
 -11.524 -13.7159663
 -11.52 -13.7155457
 -11.516 -13.7151217
 -11.512 -13.7146942
 -11.508 -13.7142631
 -11.504 -13.7138285
 -11.5 -13.7133903
 -11.496 -13.7129485
 -11.492 -13.7125031
 -11.488 -13.712054
 -11.484 -13.7116012
 -11.48 -13.7111447
 -11.476 -13.7106845
 -11.472 -13.7102205
 -11.468 -13.7097527
 -11.464 -13.7092811
 -11.46 -13.7088056
 -11.456 -13.7083263
 -11.452 -13.7078431
 -11.448 -13.7073559
 -11.444 -13.7068648
 -11.44 -13.7063697
 -11.436 -13.7058706
 -11.432 -13.7053675
 -11.428 -13.7048603
 -11.424 -13.704349
 -11.42 -13.7038336
 -11.416 -13.7033141
 -11.412 -13.7027903
 -11.408 -13.7022624
 -11.404 -13.7017302
 -11.4 -13.7011938
 -11.396 -13.700653
 -11.392 -13.700108
 -11.388 -13.6995586
 -11.384 -13.6990048
 -11.38 -13.6984466
 -11.376 -13.6978839
 -11.372 -13.6973168
 -11.368 -13.6967452
 -11.364 -13.6961691
 -11.36 -13.6955884
 -11.356 -13.6950032
 -11.352 -13.6944133
 -11.348 -13.6938187
 -11.344 -13.6932195
 -11.34 -13.6926156
 -11.336 -13.6920069
 -11.332 -13.6913935
 -11.328 -13.6907753
 -11.324 -13.6901522
 -11.32 -13.6895243
 -11.316 -13.6888915
 -11.312 -13.6882538
 -11.308 -13.6876111
 -11.304 -13.6869635
 -11.3 -13.6863108
 -11.296 -13.6856531
 -11.292 -13.6849903
 -11.288 -13.6843223
 -11.284 -13.6836493
 -11.28 -13.6829711
 -11.276 -13.6822876
 -11.272 -13.681599
 -11.268 -13.6809051
 -11.264 -13.6802058
 -11.26 -13.6795013
 -11.256 -13.6787914
 -11.252 -13.678076
 -11.248 -13.6773553
 -11.244 -13.6766291
 -11.24 -13.6758974
 -11.236 -13.6751602
 -11.232 -13.6744175
 -11.228 -13.6736691
 -11.224 -13.6729151
 -11.22 -13.6721555
 -11.216 -13.6713902
 -11.212 -13.6706192
 -11.208 -13.6698424
 -11.204 -13.6690599
 -11.2 -13.6682715
 -11.196 -13.6674773
 -11.192 -13.6666772
 -11.188 -13.6658712
 -11.184 -13.6650593
 -11.18 -13.6642413
 -11.176 -13.6634174
 -11.172 -13.6625874
 -11.168 -13.6617514
 -11.164 -13.6609092
 -11.16 -13.6600609
 -11.156 -13.6592065
 -11.152 -13.6583458
 -11.148 -13.6574789
 -11.144 -13.6566057
 -11.14 -13.6557262
 -11.136 -13.6548404
 -11.132 -13.6539482
 -11.128 -13.6530496
 -11.124 -13.6521446
 -11.12 -13.6512331
 -11.116 -13.6503151
 -11.112 -13.6493906
 -11.108 -13.6484595
 -11.104 -13.6475219
 -11.1 -13.6465776
 -11.096 -13.6456266
 -11.092 -13.644669
 -11.088 -13.6437046
 -11.084 -13.6427334
 -11.08 -13.6417555
 -11.076 -13.6407708
 -11.072 -13.6397792
 -11.068 -13.6387807
 -11.064 -13.6377753
 -11.06 -13.6367629
 -11.056 -13.6357436
 -11.052 -13.6347173
 -11.048 -13.6336839
 -11.044 -13.6326434
 -11.04 -13.6315958
 -11.036 -13.6305411
 -11.032 -13.6294793
 -11.028 -13.6284102
 -11.024 -13.6273339
 -11.02 -13.6262503
 -11.016 -13.6251595
 -11.012 -13.6240613
 -11.008 -13.6229558
 -11.004 -13.6218429
 -11. -13.6207225
 -10.996 -13.6195948
 -10.992 -13.6184595
 -10.988 -13.6173168
 -10.984 -13.6161665
 -10.98 -13.6150087
 -10.976 -13.6138432
 -10.972 -13.6126702
 -10.968 -13.6114895
 -10.964 -13.6103011
 -10.96 -13.609105
 -10.956 -13.6079012
 -10.952 -13.6066896
 -10.948 -13.6054702
 -10.944 -13.604243
 -10.94 -13.6030079
 -10.936 -13.601765
 -10.932 -13.6005142
 -10.928 -13.5992554
 -10.924 -13.5979887
 -10.92 -13.596714
 -10.916 -13.5954312
 -10.912 -13.5941405
 -10.908 -13.5928416
 -10.904 -13.5915347
 -10.9 -13.5902197
 -10.896 -13.5888965
 -10.892 -13.5875651
 -10.888 -13.5862256
 -10.884 -13.5848778
 -10.88 -13.5835218
 -10.876 -13.5821576
 -10.872 -13.580785
 -10.868 -13.5794041
 -10.864 -13.5780149
 -10.86 -13.5766173
 -10.856 -13.5752113
 -10.852 -13.573797
 -10.848 -13.5723742
 -10.844 -13.5709429
 -10.84 -13.5695031
 -10.836 -13.5680549
 -10.832 -13.5665982
 -10.828 -13.5651328
 -10.824 -13.563659
 -10.82 -13.5621765
 -10.816 -13.5606855
 -10.812 -13.5591858
 -10.808 -13.5576775
 -10.804 -13.5561605
 -10.8 -13.5546349
 -10.796 -13.5531005
 -10.792 -13.5515574
 -10.788 -13.5500056
 -10.784 -13.548445
 -10.78 -13.5468756
 -10.776 -13.5452975
 -10.772 -13.5437105
 -10.768 -13.5421147
 -10.764 -13.5405101
 -10.76 -13.5388966
 -10.756 -13.5372743
 -10.752 -13.535643
 -10.748 -13.5340029
 -10.744 -13.5323538
 -10.74 -13.5306958
 -10.736 -13.5290288
 -10.732 -13.5273529
 -10.728 -13.525668
 -10.724 -13.5239742
 -10.72 -13.5222713
 -10.716 -13.5205594
 -10.712 -13.5188385
 -10.708 -13.5171085
 -10.704 -13.5153695
 -10.7 -13.5136215
 -10.696 -13.5118643
 -10.692 -13.5100981
 -10.688 -13.5083228
 -10.684 -13.5065384
 -10.68 -13.5047449
 -10.676 -13.5029423
 -10.672 -13.5011305
 -10.668 -13.4993097
 -10.664 -13.4974796
 -10.66 -13.4956405
 -10.656 -13.4937921
 -10.652 -13.4919347
 -10.648 -13.490068
 -10.644 -13.4881922
 -10.64 -13.4863072
 -10.636 -13.484413
 -10.632 -13.4825097
 -10.628 -13.4805971
 -10.624 -13.4786753
 -10.62 -13.4767444
 -10.616 -13.4748042
 -10.612 -13.4728549
 -10.608 -13.4708963
 -10.604 -13.4689286
 -10.6 -13.4669516
 -10.596 -13.4649654
 -10.592 -13.46297
 -10.588 -13.4609654
 -10.584 -13.4589516
 -10.58 -13.4569286
 -10.576 -13.4548963
 -10.572 -13.4528549
 -10.568 -13.4508042
 -10.564 -13.4487444
 -10.56 -13.4466753
 -10.556 -13.4445971
 -10.552 -13.4425097
 -10.548 -13.440413
 -10.544 -13.4383072
 -10.54 -13.4361922
 -10.536 -13.434068
 -10.532 -13.4319347
 -10.528 -13.4297921
 -10.524 -13.4276405
 -10.52 -13.4254796
 -10.516 -13.4233097
 -10.512 -13.4211305
 -10.508 -13.4189423
 -10.504 -13.4167449
 -10.5 -13.4145384
 -10.496 -13.4123228
 -10.492 -13.4100981
 -10.488 -13.4078643
 -10.484 -13.4056215
 -10.48 -13.4033695
 -10.476 -13.4011085
 -10.472 -13.3988385
 -10.468 -13.3965594
 -10.464 -13.3942713
 -10.46 -13.3919742
 -10.456 -13.389668
 -10.452 -13.3873529
 -10.448 -13.3850288
 -10.444 -13.3826958
 -10.44 -13.3803538
 -10.436 -13.3780029
 -10.432 -13.375643
 -10.428 -13.3732743
 -10.424 -13.3708966
 -10.42 -13.3685101
 -10.416 -13.3661147
 -10.412 -13.3637105
 -10.408 -13.3612975
 -10.404 -13.3588756
 -10.4 -13.356445
 -10.396 -13.3540056
 -10.392 -13.3515574
 -10.388 -13.3491005
 -10.384 -13.3466349
 -10.38 -13.3441605
 -10.376 -13.3416775
 -10.372 -13.3391858
 -10.368 -13.3366855
 -10.364 -13.3341765
 -10.36 -13.331659
 -10.356 -13.3291328
 -10.352 -13.3265981
 -10.348 -13.3240549
 -10.344 -13.3215031
 -10.34 -13.3189429
 -10.336 -13.3163742
 -10.332 -13.313797
 -10.328 -13.3112113
 -10.324 -13.3086173
 -10.32 -13.3060149
 -10.316 -13.3034041
 -10.312 -13.300785
 -10.308 -13.2981576
 -10.304 -13.2955218
 -10.3 -13.2928778
 -10.296 -13.2902256
 -10.292 -13.2875651
 -10.288 -13.2848965
 -10.284 -13.2822197
 -10.28 -13.2795347
 -10.276 -13.2768416
 -10.272 -13.2741405
 -10.268 -13.2714312
 -10.264 -13.268714
 -10.26 -13.2659887
 -10.256 -13.2632554
 -10.252 -13.2605142
 -10.248 -13.257765
 -10.244 -13.2550079
 -10.24 -13.252243
 -10.236 -13.2494702
 -10.232 -13.2466896
 -10.228 -13.2439012
 -10.224 -13.241105
 -10.22 -13.2383011
 -10.216 -13.2354895
 -10.212 -13.2326702
 -10.208 -13.2298432
 -10.204 -13.2270087
 -10.2 -13.2241665
 -10.196 -13.2213168
 -10.192 -13.2184595
 -10.188 -13.2155948
 -10.184 -13.2127225
 -10.18 -13.2098429
 -10.176 -13.2069558
 -10.172 -13.2040613
 -10.168 -13.2011595
 -10.164 -13.1982503
 -10.16 -13.1953339
 -10.156 -13.1924102
 -10.152 -13.1894793
 -10.148 -13.1865411
 -10.144 -13.1835958
 -10.14 -13.1806434
 -10.136 -13.1776839
 -10.132 -13.1747173
 -10.128 -13.1717436
 -10.124 -13.1687629
 -10.12 -13.1657753
 -10.116 -13.1627807
 -10.112 -13.1597792
 -10.108 -13.1567708
 -10.104 -13.1537555
 -10.1 -13.1507334
 -10.096 -13.1477046
 -10.092 -13.144669
 -10.088 -13.1416266
 -10.084 -13.1385776
 -10.08 -13.1355219
 -10.076 -13.1324595
 -10.072 -13.1293906
 -10.068 -13.1263151
 -10.064 -13.1232331
 -10.06 -13.1201446
 -10.056 -13.1170496
 -10.052 -13.1139482
 -10.048 -13.1108404
 -10.044 -13.1077262
 -10.04 -13.1046057
 -10.036 -13.1014789
 -10.032 -13.0983458
 -10.028 -13.0952065
 -10.024 -13.0920609
 -10.02 -13.0889092
 -10.016 -13.0857514
 -10.012 -13.0825874
 -10.008 -13.0794174
 -10.004 -13.0762413
 -10. -13.0730593
 -9.996 -13.0698712
 -9.992 -13.0666772
 -9.988 -13.0634773
 -9.984 -13.0602715
 -9.98 -13.0570599
 -9.976 -13.0538424
 -9.972 -13.0506192
 -9.968 -13.0473902
 -9.964 -13.0441555
 -9.96 -13.0409151
 -9.956 -13.0376691
 -9.952 -13.0344175
 -9.948 -13.0311602
 -9.944 -13.0278974
 -9.94 -13.0246291
 -9.936 -13.0213553
 -9.932 -13.018076
 -9.928 -13.0147914
 -9.924 -13.0115013
 -9.92 -13.0082058
 -9.916 -13.0049051
 -9.912 -13.001599
 -9.908 -12.9982876
 -9.904 -12.9949711
 -9.9 -12.9916493
 -9.896 -12.9883223
 -9.892 -12.9849903
 -9.888 -12.9816531
 -9.884 -12.9783108
 -9.88 -12.9749635
 -9.876 -12.9716111
 -9.872 -12.9682538
 -9.868 -12.9648915
 -9.864 -12.9615243
 -9.86 -12.9581522
 -9.856 -12.9547753
 -9.852 -12.9513935
 -9.848 -12.9480069
 -9.844 -12.9446156
 -9.84 -12.9412195
 -9.836 -12.9378187
 -9.832 -12.9344133
 -9.828 -12.9310032
 -9.824 -12.9275884
 -9.82 -12.9241691
 -9.816 -12.9207452
 -9.812 -12.9173168
 -9.808 -12.9138839
 -9.804 -12.9104466
 -9.8 -12.9070048
 -9.796 -12.9035586
 -9.792 -12.900108
 -9.788 -12.896653
 -9.784 -12.8931938
 -9.78 -12.8897302
 -9.776 -12.8862624
 -9.772 -12.8827903
 -9.768 -12.8793141
 -9.764 -12.8758336
 -9.76 -12.872349
 -9.756 -12.8688603
 -9.752 -12.8653675
 -9.748 -12.8618706
 -9.744 -12.8583697
 -9.74 -12.8548648
 -9.736 -12.8513559
 -9.732 -12.8478431
 -9.728 -12.8443263
 -9.724 -12.8408056
 -9.72 -12.8372811
 -9.716 -12.8337527
 -9.712 -12.8302205
 -9.708 -12.8266845
 -9.704 -12.8231447
 -9.7 -12.8196012
 -9.696 -12.816054
 -9.692 -12.8125031
 -9.688 -12.8089485
 -9.684 -12.8053903
 -9.68 -12.8018285
 -9.676 -12.7982631
 -9.672 -12.7946942
 -9.668 -12.7911217
 -9.664 -12.7875457
 -9.66 -12.7839663
 -9.656 -12.7803834
 -9.652 -12.7767971
 -9.648 -12.7732073
 -9.644 -12.7696142
 -9.64 -12.7660177
 -9.636 -12.7624179
 -9.632 -12.7588148
 -9.628 -12.7552085
 -9.624 -12.7515988
 -9.62 -12.7479859
 -9.616 -12.7443699
 -9.612 -12.7407506
 -9.608 -12.7371282
 -9.604 -12.7335026
 -9.6 -12.7298739
 -9.596 -12.7262422
 -9.592 -12.7226073
 -9.588 -12.7189694
 -9.584 -12.7153285
 -9.58 -12.7116846
 -9.576 -12.7080377
 -9.572 -12.7043879
 -9.568 -12.7007351
 -9.564 -12.6970795
 -9.56 -12.6934209
 -9.556 -12.6897595
 -9.552 -12.6860952
 -9.548 -12.6824281
 -9.544 -12.6787582
 -9.54 -12.6750856
 -9.536 -12.6714101
 -9.532 -12.667732
 -9.528 -12.6640511
 -9.524 -12.6603675
 -9.52 -12.6566813
 -9.516 -12.6529924
 -9.512 -12.6493008
 -9.508 -12.6456067
 -9.504 -12.6419099
 -9.5 -12.6382106
 -9.496 -12.6345088
 -9.492 -12.6308044
 -9.488 -12.6270975
 -9.484 -12.6233881
 -9.48 -12.6196762
 -9.476 -12.6159619
 -9.472 -12.6122451
 -9.468 -12.608526
 -9.464 -12.6048044
 -9.46 -12.6010805
 -9.456 -12.5973542
 -9.452 -12.5936255
 -9.448 -12.5898946
 -9.444 -12.5861613
 -9.44 -12.5824258
 -9.436 -12.578688
 -9.432 -12.5749479
 -9.428 -12.5712056
 -9.424 -12.5674611
 -9.42 -12.5637144
 -9.416 -12.5599656
 -9.412 -12.5562145
 -9.408 -12.5524614
 -9.404 -12.5487061
 -9.4 -12.5449487
 -9.396 -12.5411892
 -9.392 -12.5374276
 -9.388 -12.533664
 -9.384 -12.5298983
 -9.38 -12.5261307
 -9.376 -12.522361
 -9.372 -12.5185893
 -9.368 -12.5148156
 -9.364 -12.51104
 -9.36 -12.5072624
 -9.356 -12.503483
 -9.352 -12.4997016
 -9.348 -12.4959183
 -9.344 -12.4921331
 -9.34 -12.4883461
 -9.336 -12.4845572
 -9.332 -12.4807664
 -9.328 -12.4769739
 -9.324 -12.4731796
 -9.32 -12.4693834
 -9.316 -12.4655855
 -9.312 -12.4617858
 -9.308 -12.4579844
 -9.304 -12.4541813
 -9.3 -12.4503764
 -9.296 -12.4465699
 -9.292 -12.4427616
 -9.288 -12.4389517
 -9.284 -12.4351401
 -9.28 -12.4313268
 -9.276 -12.427512
 -9.272 -12.4236955
 -9.268 -12.4198774
 -9.264 -12.4160577
 -9.26 -12.4122364
 -9.256 -12.4084136
 -9.252 -12.4045892
 -9.248 -12.4007633
 -9.244 -12.3969359
 -9.24 -12.3931069
 -9.236 -12.3892764
 -9.232 -12.3854445
 -9.228 -12.381611
 -9.224 -12.3777761
 -9.22 -12.3739398
 -9.216 -12.370102
 -9.212 -12.3662628
 -9.208 -12.3624222
 -9.204 -12.3585801
 -9.2 -12.3547367
 -9.196 -12.3508919
 -9.192 -12.3470457
 -9.188 -12.3431982
 -9.184 -12.3393493
 -9.18 -12.3354991
 -9.176 -12.3316476
 -9.172 -12.3277947
 -9.168 -12.3239406
 -9.164 -12.3200851
 -9.16 -12.3162284
 -9.156 -12.3123705
 -9.152 -12.3085112
 -9.148 -12.3046508
 -9.144 -12.300789
 -9.14 -12.2969261
 -9.136 -12.293062
 -9.132 -12.2891966
 -9.128 -12.28533
 -9.124 -12.2814623
 -9.12 -12.2775934
 -9.116 -12.2737233
 -9.112 -12.2698521
 -9.108 -12.2659798
 -9.104 -12.2621063
 -9.1 -12.2582316
 -9.096 -12.2543559
 -9.092 -12.2504791
 -9.088 -12.2466011
 -9.084 -12.2427221
 -9.08 -12.238842
 -9.076 -12.2349609
 -9.072 -12.2310787
 -9.068 -12.2271954
 -9.064 -12.2233111
 -9.06 -12.2194258
 -9.056 -12.2155394
 -9.052 -12.211652
 -9.048 -12.2077637
 -9.044 -12.2038743
 -9.04 -12.1999839
 -9.036 -12.1960926
 -9.032 -12.1922003
 -9.028 -12.188307
 -9.024 -12.1844128
 -9.02 -12.1805177
 -9.016 -12.1766216
 -9.012 -12.1727245
 -9.008 -12.1688266
 -9.004 -12.1649277
 -9. -12.161028
 -8.996 -12.1571273
 -8.992 -12.1532258
 -8.988 -12.1493233
 -8.984 -12.1454201
 -8.98 -12.1415159
 -8.976 -12.1376109
 -8.972 -12.133705
 -8.968 -12.1297983
 -8.964 -12.1258907
 -8.96 -12.1219824
 -8.956 -12.1180732
 -8.952 -12.1141631
 -8.948 -12.1102523
 -8.944 -12.1063407
 -8.94 -12.1024283
 -8.936 -12.0985151
 -8.932 -12.0946011
 -8.928 -12.0906864
 -8.924 -12.0867709
 -8.92 -12.0828546
 -8.916 -12.0789376
 -8.912 -12.0750198
 -8.908 -12.0711013
 -8.904 -12.067182
 -8.9 -12.0632621
 -8.896 -12.0593414
 -8.892 -12.05542
 -8.888 -12.0514979
 -8.884 -12.0475751
 -8.88 -12.0436516
 -8.876 -12.0397274
 -8.872 -12.0358025
 -8.868 -12.031877
 -8.864 -12.0279508
 -8.86 -12.0240239
 -8.856 -12.0200964
 -8.852 -12.0161682
 -8.848 -12.0122393
 -8.844 -12.0083099
 -8.84 -12.0043798
 -8.836 -12.000449
 -8.832 -11.9965177
 -8.828 -11.9925857
 -8.824 -11.9886531
 -8.82 -11.9847199
 -8.816 -11.9807861
 -8.812 -11.9768517
 -8.808 -11.9729167
 -8.804 -11.9689811
 -8.8 -11.9650449
 -8.796 -11.9611082
 -8.792 -11.9571709
 -8.788 -11.953233
 -8.784 -11.9492946
 -8.78 -11.9453556
 -8.776 -11.941416
 -8.772 -11.9374759
 -8.768 -11.9335353
 -8.764 -11.9295941
 -8.76 -11.9256524
 -8.756 -11.9217102
 -8.752 -11.9177675
 -8.748 -11.9138242
 -8.744 -11.9098804
 -8.74 -11.9059361
 -8.736 -11.9019914
 -8.732 -11.8980461
 -8.728 -11.8941003
 -8.724 -11.890154
 -8.72 -11.8862073
 -8.716 -11.88226
 -8.712 -11.8783123
 -8.708 -11.8743641
 -8.704 -11.8704154
 -8.7 -11.8664663
 -8.696 -11.8625167
 -8.692 -11.8585667
 -8.688 -11.8546162
 -8.684 -11.8506652
 -8.68 -11.8467139
 -8.676 -11.842762
 -8.672 -11.8388098
 -8.668 -11.8348571
 -8.664 -11.8309039
 -8.66 -11.8269504
 -8.656 -11.8229964
 -8.652 -11.819042
 -8.648 -11.8150872
 -8.644 -11.811132
 -8.64 -11.8071764
 -8.636 -11.8032204
 -8.632 -11.799264
 -8.628 -11.7953072
 -8.624 -11.79135
 -8.62 -11.7873924
 -8.616 -11.7834344
 -8.612 -11.779476
 -8.608 -11.7755173
 -8.604 -11.7715582
 -8.6 -11.7675987
 -8.596 -11.7636388
 -8.592 -11.7596786
 -8.588 -11.7557181
 -8.584 -11.7517571
 -8.58 -11.7477958
 -8.576 -11.7438342
 -8.572 -11.7398722
 -8.568 -11.7359099
 -8.564 -11.7319472
 -8.56 -11.7279842
 -8.556 -11.7240208
 -8.552 -11.7200571
 -8.548 -11.7160931
 -8.544 -11.7121288
 -8.54 -11.7081641
 -8.536 -11.7041991
 -8.532 -11.7002338
 -8.528 -11.6962682
 -8.524 -11.6923023
 -8.52 -11.688336
 -8.516 -11.6843695
 -8.512 -11.6804026
 -8.508 -11.6764355
 -8.504 -11.672468
 -8.5 -11.6685003
